0;1;2;3;4;5;6;7;8;9;10;11;12;13;14;15;16;17;18;19;20
2;3;4;4;5;6;7;8;9;10;11;12;13;14;16;17;18;19;20;21;22
3;4;5;5;6;7;8;9;10;11;12;13;14;15;17;18;19;20;21;22;23
23;24;25;6;7;8;9;10;11;12;13;14;15;16;37;38;39;40;41;42;43
4;5;6;7;8;9;10;11;12;13;14;15;16;17;18;19;20;21;22;23;24
13;12;15;8;9;10;11;12;13;14;15;16;17;18;25;28;27;30;29;32;31
10;10;12;9;10;11;12;13;14;15;16;17;18;19;23;25;25;27;27;29;29
8;9;10;10;11;12;13;14;15;16;17;18;19;20;22;23;24;25;26;27;28
14;13;16;11;12;13;14;15;16;17;18;19;20;21;26;29;28;31;30;33;32
10;11;12;12;13;14;15;16;17;18;19;20;21;22;24;25;26;27;28;29;30
10;11;12;13;14;15;16;17;18;19;20;21;22;23;24;25;26;27;28;29;30
51;52;53;14;15;16;17;18;19;20;21;22;23;24;65;66;67;68;69;70;71
72;73;74;15;16;17;18;19;20;21;22;23;24;25;86;87;88;89;90;91;92
53;54;55;16;17;18;19;20;21;22;23;24;25;26;67;68;69;70;71;72;73
74;75;76;17;18;19;20;21;22;23;24;25;26;27;88;89;90;91;92;93;94
35;36;37;18;19;20;21;22;23;24;25;26;27;28;49;50;51;52;53;54;55
96;97;98;19;20;21;22;23;24;25;26;27;28;29;110;111;112;113;114;115;116
17;18;19;20;21;22;23;24;25;26;27;28;29;30;31;32;33;34;35;36;37
28;29;30;21;32;33;34;35;36;37;38;39;40;41;42;43;44;45;46;47;48
29;30;31;22;33;34;35;36;37;38;39;40;41;42;43;44;45;46;47;48;49
32;33;34;23;36;37;38;39;40;41;42;43;44;45;46;47;48;49;50;51;52
44;45;46;24;48;49;50;51;52;53;54;55;56;57;58;59;60;61;62;63;64
45;46;47;25;49;50;51;52;53;54;55;56;57;58;59;60;61;62;63;64;65
41;42;43;26;45;46;47;48;49;50;51;52;53;54;55;56;57;58;59;60;61
47;48;49;27;51;52;53;54;55;56;57;58;59;60;61;62;63;64;65;66;67
48;49;50;28;52;53;54;55;56;57;58;59;60;61;62;63;64;65;66;67;68
46;47;48;29;50;51;52;53;54;55;56;57;58;59;60;61;62;63;64;65;66
32;33;34;30;36;37;38;39;40;41;42;43;44;45;46;47;48;49;50;51;52
33;34;35;31;37;38;39;40;41;42;43;44;45;46;47;48;49;50;51;52;53
47;48;49;32;51;52;53;54;55;56;57;58;59;60;61;62;63;64;65;66;67
30;31;32;33;34;35;36;37;38;39;40;41;42;43;44;45;46;47;48;49;50
31;32;33;34;35;36;37;38;39;40;41;42;43;44;45;46;47;48;49;50;51
32;33;34;35;36;37;38;39;40;41;42;43;44;45;46;47;48;49;50;51;52
397;398;399;36;401;402;403;404;405;406;407;408;409;410;411;412;413;414;415;416;417
398;399;400;37;402;403;404;405;406;407;408;409;410;411;412;413;414;415;416;417;418
63;64;65;38;67;68;69;70;71;72;73;74;75;76;77;78;79;80;81;82;83
54;56;58;39;41;43;45;47;49;51;53;55;57;59;61;63;65;67;69;71;73
41;42;43;40;42;43;44;45;46;47;48;49;50;51;55;56;57;58;59;60;61
158;159;160;41;162;163;164;165;166;167;168;169;170;171;172;173;174;175;176;177;178
159;160;161;42;163;164;165;166;167;168;169;170;171;172;173;174;175;176;177;178;179
200;201;202;43;204;205;206;207;208;209;210;211;212;213;214;215;216;217;218;219;220
56;57;58;44;60;61;62;63;64;65;66;67;68;69;70;71;72;73;74;75;76
57;58;59;45;61;62;63;64;65;66;67;68;69;70;71;72;73;74;75;76;77
93;94;95;46;97;98;99;100;101;102;103;104;105;106;107;108;109;110;111;112;113
47;48;49;47;51;52;53;54;55;56;57;58;59;60;61;62;63;64;65;66;67
46;47;48;48;50;51;52;53;54;55;56;57;58;59;60;61;62;63;64;65;66
46;47;48;49;50;51;52;53;54;55;56;57;58;59;60;61;62;63;64;65;66
67;68;69;50;71;72;73;74;75;76;77;78;79;80;81;82;83;84;85;86;87
48;49;50;51;52;53;54;55;56;57;58;59;60;61;62;63;64;65;66;67;68
49;50;51;52;53;54;55;56;57;58;59;60;61;62;63;64;65;66;67;68;69
350;351;352;53;354;355;356;357;358;359;360;361;362;363;364;365;366;367;368;369;370
52;53;54;54;56;57;58;59;60;61;62;63;64;65;66;67;68;69;70;71;72
57;58;59;55;61;62;63;64;65;66;67;68;69;70;71;72;73;74;75;76;77
53;54;55;56;57;58;59;60;61;62;63;64;65;66;67;68;69;70;71;72;73
54;55;56;57;58;59;60;61;62;63;64;65;66;67;68;69;70;71;72;73;74
56;57;58;58;59;60;61;62;63;64;65;66;67;68;70;71;72;73;74;75;76
58;59;60;59;62;63;64;65;66;67;68;69;70;71;72;73;74;75;76;77;78
59;60;61;60;63;64;65;66;67;68;69;70;71;72;73;74;75;76;77;78;79
59;60;61;61;62;63;64;65;66;67;68;69;70;71;73;74;75;76;77;78;79
62;63;64;62;66;67;68;69;70;71;72;73;74;75;76;77;78;79;80;81;82
63;64;65;63;67;68;69;70;71;72;73;74;75;76;77;78;79;80;81;82;83
76;77;78;64;80;81;82;83;84;85;86;87;88;89;90;91;92;93;94;95;96
67;68;69;65;71;72;73;74;75;76;77;78;79;80;81;82;83;84;85;86;87
68;69;70;66;72;73;74;75;76;77;78;79;80;81;82;83;84;85;86;87;88
84;85;86;67;88;89;90;91;92;93;94;95;96;97;98;99;100;101;102;103;104
65;66;67;68;69;70;71;72;73;74;75;76;77;78;79;80;81;82;83;84;85
165;166;167;69;169;170;171;172;173;174;175;176;177;178;179;180;181;182;183;184;185
67;68;69;70;71;72;73;74;75;76;77;78;79;80;81;82;83;84;85;86;87
69;70;71;71;73;74;75;76;77;78;79;80;81;82;83;84;85;86;87;88;89
69;70;71;72;73;74;75;76;77;78;79;80;81;82;83;84;85;86;87;88;89
70;71;72;73;74;75;76;77;78;79;80;81;82;83;84;85;86;87;88;89;90
72;73;74;74;76;77;78;79;80;81;82;83;84;85;86;87;88;89;90;91;92
78;78;80;75;81;82;83;84;85;86;87;88;89;90;91;93;93;95;95;97;97
80;79;82;76;82;83;84;85;86;87;88;89;90;91;92;95;94;97;96;99;98
80;82;82;77;87;88;89;90;91;92;93;94;95;96;95;95;97;97;99;99;101
75;76;77;78;79;80;81;82;83;84;85;86;87;88;89;90;91;92;93;94;95
77;78;79;79;81;82;83;84;85;86;87;88;89;90;91;92;93;94;95;96;97
77;78;79;80;81;82;83;84;85;86;87;88;89;90;91;92;93;94;95;96;97
78;79;80;81;82;83;84;85;86;87;88;89;90;91;92;93;94;95;96;97;98
79;80;81;82;83;84;85;86;87;88;89;90;91;92;93;94;95;96;97;98;99
80;81;82;83;84;85;86;87;88;89;90;91;92;93;94;95;96;97;98;99;100
81;82;83;84;85;86;87;88;89;90;91;92;93;94;95;96;97;98;99;100;101
82;83;84;85;86;87;88;89;90;91;92;93;94;95;96;97;98;99;100;101;102
83;84;85;86;87;88;89;90;91;92;93;94;95;96;97;98;99;100;101;102;103
84;85;86;87;88;89;90;91;92;93;94;95;96;97;98;99;100;101;102;103;104
85;86;87;88;89;90;91;92;93;94;95;96;97;98;99;100;101;102;103;104;105
87;88;89;89;91;92;93;94;95;96;97;98;99;100;101;102;103;104;105;106;107
87;88;89;90;93;94;96;97;98;99;102;103;104;105;101;102;103;104;105;106;107
88;89;90;91;94;95;97;98;99;100;103;104;105;106;102;103;104;105;106;107;108
89;90;91;92;95;96;98;99;100;101;104;105;106;107;103;104;105;106;107;108;109
90;91;92;93;96;97;99;100;101;102;105;106;107;108;104;105;106;107;108;109;110
91;92;93;94;95;96;97;98;99;100;101;102;103;104;105;106;107;108;109;110;111
92;93;94;95;98;99;100;101;103;104;104;105;107;108;106;107;108;109;110;111;112
93;94;95;96;99;100;101;102;104;105;105;106;108;109;107;108;109;110;111;112;113
94;95;96;97;100;101;102;103;105;106;106;107;109;110;108;109;110;111;112;113;114
100;96;97;98;99;100;101;102;103;104;105;106;107;108;110;111;113;114;116;117;120
116;97;98;99;100;101;102;103;104;105;106;107;108;109;113;114;117;118;126;127;136
97;98;99;100;101;102;103;104;105;106;107;108;109;110;111;112;113;114;115;116;117
98;99;100;101;102;103;104;105;106;107;108;109;110;111;112;113;114;115;116;117;118
99;100;101;102;103;104;105;106;107;108;109;110;111;112;113;114;115;116;117;118;119
100;101;102;103;104;105;106;107;108;109;110;111;112;113;114;115;116;117;118;119;120
101;102;103;104;105;106;107;108;109;110;111;112;113;114;115;116;117;118;119;120;121
105;106;107;105;109;110;111;112;113;114;115;116;117;118;119;120;121;122;123;124;125
103;104;105;106;107;108;109;110;111;112;113;114;115;116;117;118;119;120;121;122;123
104;105;106;107;108;109;110;111;112;113;114;115;116;117;118;119;120;121;122;123;124
106;107;108;108;109;110;111;112;113;114;115;116;117;118;120;121;122;123;124;125;126
106;107;108;109;110;111;112;113;114;115;116;117;118;119;120;121;122;123;124;125;126
107;108;109;110;111;112;113;114;115;116;117;118;119;120;121;122;123;124;125;126;127
108;109;110;111;112;113;114;115;116;117;118;119;120;121;122;123;124;125;126;127;128
109;110;111;112;119;122;121;124;123;126;125;128;127;130;123;124;125;126;127;128;129
110;111;112;113;122;121;124;123;126;125;128;127;130;129;124;125;126;127;128;129;130
111;112;113;114;115;116;117;118;119;120;121;122;123;124;125;126;127;128;129;130;131
112;113;114;115;119;121;121;123;123;125;125;127;127;129;126;127;128;129;130;131;132
113;114;115;116;120;122;122;124;124;126;126;128;128;130;127;128;129;130;131;132;133
114;115;116;117;118;119;120;121;122;123;124;125;126;127;128;129;130;131;132;133;134
115;116;117;118;120;121;122;123;124;125;126;127;128;129;129;130;131;132;133;134;135
116;117;118;119;121;122;123;124;125;126;127;128;129;130;130;131;132;133;134;135;136
117;118;119;120;121;122;123;124;125;126;127;128;129;130;131;132;133;134;135;136;137
118;119;120;121;126;129;128;131;130;133;132;135;134;137;132;133;134;135;136;137;138
119;120;121;122;127;128;129;130;131;132;133;134;135;136;133;134;135;136;137;138;139
120;121;122;123;124;125;126;127;128;129;130;131;132;133;134;135;136;137;138;139;140
121;122;123;124;128;129;130;131;132;133;134;135;136;137;135;136;137;138;139;140;141
122;123;124;125;126;127;128;129;130;131;132;133;134;135;136;137;138;139;140;141;142
123;124;125;126;127;128;129;130;131;132;133;134;135;136;137;138;139;140;141;142;143
124;125;126;127;128;129;130;131;132;133;134;135;136;137;138;139;140;141;142;143;144
125;126;127;128;129;130;131;132;133;134;135;136;137;138;139;140;141;142;143;144;145
126;127;128;129;130;131;132;133;134;135;136;137;138;139;140;141;142;143;144;145;146
127;128;129;130;131;132;133;134;135;136;137;138;139;140;141;142;143;144;145;146;147
128;129;130;131;132;133;134;135;136;137;138;139;140;141;142;143;144;145;146;147;148
129;130;131;132;133;134;135;136;137;138;139;140;141;142;143;144;145;146;147;148;149
130;131;132;133;134;135;136;137;138;139;140;141;142;143;144;145;146;147;148;149;150
131;132;133;134;135;136;137;138;139;140;141;142;143;144;145;146;147;148;149;150;151
132;133;134;135;136;137;138;139;140;141;142;143;144;145;146;147;148;149;150;151;152
134;135;136;136;137;138;139;140;141;142;143;144;145;146;148;149;150;151;152;153;154
194;195;196;137;138;139;140;141;142;143;144;145;146;147;208;209;210;211;212;213;214
138;139;140;138;139;140;141;142;143;144;145;146;147;148;152;153;154;155;156;157;158
276;277;278;139;140;141;142;143;144;145;146;147;148;149;290;291;292;293;294;295;296
139;140;141;140;141;142;143;144;145;146;147;148;149;150;153;154;155;156;157;158;159
308;309;310;141;142;143;144;145;146;147;148;149;150;151;322;323;324;325;326;327;328
139;140;141;142;143;144;145;146;147;148;149;150;151;152;153;154;155;156;157;158;159
340;341;342;143;144;145;146;147;148;149;150;151;152;153;354;355;356;357;358;359;360
139;140;141;144;145;146;147;148;149;150;151;152;153;154;153;154;155;156;157;158;159
382;383;384;145;146;147;148;149;150;151;152;153;154;155;396;397;398;399;400;401;402
139;140;141;146;147;148;149;150;151;152;153;154;155;156;153;154;155;156;157;158;159
145;146;147;147;148;149;150;151;152;153;154;155;156;157;159;160;161;162;163;164;165
160;161;162;148;149;150;151;152;153;154;155;156;157;158;174;175;176;177;178;179;180
154;155;156;149;150;151;152;153;154;155;156;157;158;159;168;169;170;171;172;173;174
147;148;149;150;151;152;153;154;155;156;157;158;159;160;161;162;163;164;165;166;167
163;164;165;151;152;153;154;155;156;157;158;159;160;161;177;178;179;180;181;182;183
167;168;169;152;153;154;155;156;157;158;159;160;161;162;181;182;183;184;185;186;187
